#####1#####
10001 10003 10011 10012 10014 10015 10016 10018 10026 10028 10036 10043 10044 10049 10055 10060 10073 10087 10093 10095 10103 10104 10106 10108 10112 10118 10123 10124 10135 10136 10152 10155 10158 10165 10168 10171 10173 10186 10189 10195 10196 10197 10198 10199 10224 10225 10229 10235 10254 10264 10277 10280 10283 10288 10293 10305 10306 10317 10318 10321 10326 10330 10347 10358 10359 10364 10367 10371 10374 10404 10408 10409 10413 10417 10435 10438 10440 10449 10451 10454 10460 10468 10469 10475 10476 10478 10480 10488 10492 10501 10505 10508 10509 10512 10514 10518 10521 10523 10529 10532 10535 10536 10537 10538 10540 10546 10547 10555 10556 10558 10566 10567 10572 10576 10577 10579 10591 10610 10616 10621 10627 10629 10632 10639 10640 10649 10656 10658 10685 10687 10688 10690 10694 10703 10710 10714 10717 10722 10725 10730 10732 10733 10739 10741 10752 10756 10757 10758 10759 10760 10765 10770 10780 10782 10787 10793 10795 10960 10961 10966 10974 10975 10981 10983 10991 10995 11001 11014 11020 11032 11039 11040 11045 11046 11058 11064 11070 11071 11072 11075 11079 11086 11087 11102 11104 11107 11114 11118 11120 11123 11126 11130 11131 11132 11137 11141 11142 11144 11145 11146 11151 11152 11158 11162 11163 11166 11171 11173 11181 11182 11183 11188 11194 11196 11207 11214 11218 11219 11231 11232 11237 11238 11240 11241 11244 11245 11246 11247 11259 11260 11261 11262 11274 11277 11281 11282 11289 11296 11297 11298 11308 11311 11328 11329 
#####2#####
10002 10009 10019 10051 10059 10075 10096 10097 10128 10153 10160 10162 10164 10201 10233 10236 10265 10267 10275 10287 10289 10294 10301 10310 10334 10352 10363 10370 10383 10386 10401 10425 10433 10442 10455 10463 10487 10491 10507 10530 10553 10557 10563 10573 10601 10604 10637 10668 10676 10695 10705 10716 10724 10734 10736 10742 10747 10771 10773 10786 10790 10963 10988 11004 11009 11065 11067 11069 11076 11110 11116 11121 11179 11199 11220 11265 11287 11295 11309 11322 
#####3#####
10004 10005 10010 10013 10022 10024 10029 10030 10031 10032 10034 10037 10040 10042 10045 10047 10048 10050 10054 10058 10061 10062 10064 10065 10069 10070 10074 10081 10082 10085 10088 10090 10091 10098 10105 10111 10113 10115 10116 10117 10119 10120 10121 10125 10132 10141 10144 10145 10149 10150 10154 10156 10159 10167 10169 10172 10174 10176 10177 10178 10179 10180 10183 10184 10187 10190 10191 10192 10193 10200 10202 10204 10206 10208 10211 10212 10216 10220 10226 10231 10232 10237 10239 10241 10247 10249 10251 10260 10266 10270 10271 10273 10274 10276 10278 10279 10281 10282 10286 10290 10291 10296 10297 10300 10302 10304 10307 10308 10309 10312 10313 10314 10327 10329 10332 10336 10337 10340 10343 10346 10348 10351 10355 10357 10360 10362 10369 10373 10376 10380 10381 10391 10394 10396 10398 10400 10410 10411 10415 10418 10427 10429 10439 10448 10450 10452 10457 10466 10470 10471 10472 10477 10483 10485 10486 10489 10490 10493 10494 10495 10497 10504 10506 10510 10511 10515 10519 10520 10524 10525 10527 10541 10542 10544 10551 10559 10569 10570 10578 10580 10581 10583 10586 10587 10589 10590 10596 10597 10599 10602 10603 10606 10613 10618 10624 10630 10631 10633 10635 10641 10642 10646 10648 10651 10652 10659 10660 10662 10663 10664 10670 10681 10684 10686 10689 10693 10697 10698 10699 10712 10715 10718 10719 10721 10727 10729 10731 10737 10743 10746 10749 10751 10753 10762 10766 10767 10774 10775 10776 10778 10779 10781 10785 10788 10789 10791 10796 10798 10799 10953 10954 10955 10962 10965 10969 10970 10971 10972 10973 10976 10980 10986 10987 10989 10992 10994 10996 10997 10998 10999 11000 11002 11003 11007 11008 11010 11012 11018 11019 11025 11027 11030 11031 11033 11037 11048 11053 11055 11057 11059 11060 11061 11063 11066 11074 11078 11084 11085 11089 11092 11094 11098 11099 11100 11103 11106 11113 11115 11117 11122 11136 11140 11147 11156 11160 11167 11168 11175 11176 11177 11180 11189 11192 11195 11197 11198 11203 11209 11211 11212 11215 11217 11223 11226 11228 11229 11233 11234 11235 11248 11250 11252 11253 11258 11264 11267 11270 11272 11275 11276 11280 11284 11288 11291 11293 11294 11299 11303 11307 11314 11318 11320 11323 11324 11327 
#####4#####
10008 10035 10038 10063 10067 10072 10076 10078 10083 10084 10086 10107 10109 10122 10126 10138 10140 10147 10175 10181 10207 10209 10215 10218 10219 10222 10227 10230 10242 10252 10253 10263 10268 10272 10285 10292 10298 10299 10316 10323 10333 10339 10354 10356 10361 10366 10368 10372 10377 10379 10382 10385 10389 10390 10399 10402 10403 10406 10407 10412 10420 10421 10422 10424 10443 10444 10459 10465 10474 10481 10513 10528 10534 10545 10549 10554 10571 10575 10582 10585 10607 10609 10615 10643 10647 10654 10655 10665 10666 10673 10682 10691 10708 10709 10711 10723 10744 10772 10952 11021 11026 11044 11050 11051 11054 11062 11077 11081 11083 11088 11096 11108 11112 11128 11133 11134 11139 11143 11150 11159 11172 11178 11184 11187 11190 11201 11208 11224 11227 11239 11249 11254 11263 11292 11304 11305 11315 11317 11321 11325 
#####5#####
10017 10071 10080 10092 10146 10148 10258 10269 10345 10395 10441 10482 10498 10502 10526 10677 10745 10748 11035 11105 11204 11251 11279 
#####6#####
10020 10023 10033 10100 10170 10246 10284 10335 10350 10365 10384 10393 10430 10437 10464 10467 10484 10769 10792 10794 10797 10956 10982 11038 11041 11080 11101 11119 11165 11170 11213 11236 11255 11319 11326 
#####7#####
10027 10089 10182 10203 10533 10548 10605 10740 11022 11028 11042 11073 11191 11193 11222 11257 
#####8#####
10041 10706 
#####9#####
10052 10137 10166 10238 10344 10349 10516 10568 10634 10645 10783 10978 11049 11164 11186 11230 
#####10#####
10066 10707 11095 
#####11#####
10129 10143 10151 10157 10255 10259 10322 10432 10461 10608 10626 10678 10696 10700 10704 10763 10990 11034 11043 11052 11155 11256 11266 11273 11316 
#####12#####
10134 10388 
#####13#####
10139 11029 11127 11129 11185 11300 
#####14#####
10234 10552 
#####15#####
10244 10595 11047 
#####16#####
10261 10414 10967 11153 11200 
#####17#####
10325 10985 
#####18#####
10473 10598 10600 10692 11011 11013 
#####19#####
10479 10550 10594 10611 
#####20#####
10539 10574 
#####21#####
11154 