第1组用户更偏爱新闻时事类型的节目
[59205555558552, 348152777778954, 21183333331377, 0, 251326388890134, 8870833333128, 291295138891360]
第2组用户更偏爱电视剧场类型的节目
[118331944445726, 29987499998025, 43740277777807, 0, 14945138887324, 4410416666109, 140579861109957]
第3组用户更偏爱电视剧场类型的节目
[548893749999032, 197552777776236, 9370833333954, 0, 102761805555149, 33678472223445, 689397222220056]
第4组用户更偏爱电视剧场类型的节目
[31550000000585, 234545833328663, 20499305554913, 0, 11527777776775, 5449305554882, 259971527773817]
第5组用户更偏爱家庭影院类型的节目
[3283333332961, 1486805555938, 1784722222201, 0, 968055555920, 21968749999882, 4351388888784]
第6组用户更偏爱体育竞技类型的节目
[2038194444272, 2918055555713, 23486805556296, 0, 1440277778217, 748611111195, 3615277777997]
第7组用户更偏爱电视剧场类型的节目
[3508333333412, 13246527778580, 14979861110533, 0, 9834027778645, 3180555555623, 15941666667278]
第8组用户更偏爱电视剧场类型的节目
[531944444184, 1568055555602, 1612499999793, 0, 1407638888900, 1796527777704, 1939583333084]
第9组用户更偏爱新闻时事类型的节目
[620138889022, 5466666666202, 1499305555646, 0, 1665277777937, 172222222297, 1609027778253]
第10组用户更偏爱电视剧场类型的节目
[2077083332682, 663888888673, 2367361110360, 0, 2083333289, 2164583333379, 2733333332564]
第11组用户更偏爱新闻时事类型的节目
[1393055555696, 31304861110627, 1875694444379, 0, 29900694444111, 579861110797, 2790277777514]
第12组用户更偏爱家庭影院类型的节目
[3472222299, 229166666504, 2109722222094, 0, 150694444310, 2468055555575, 154166666609]
第13组用户更偏爱家庭影院类型的节目
[1105555555384, 5662499999906, 434722222192, 0, 3712499999902, 8596527777803, 4834722221782]
第14组用户更偏爱新闻时事类型的节目
[23611111101, 1060416666980, 1020833333393, 0, 1042361111373, 0, 763888888999]
第15组用户更偏爱电视剧场类型的节目
[1401388889391, 1512500000114, 662499999999, 0, 1354166666717, 100694444598, 1572222222794]
第16组用户更偏爱新闻时事类型的节目
[840972222220, 3802083333085, 1231250000186, 0, 229166666615, 2558333332717, 2954166666425]
第17组用户更偏爱体育竞技类型的节目
[0, 94444444497, 231944444515, 0, 51388888998, 0, 0]
第18组用户更偏爱电视剧场类型的节目
[3793750000207, 994444445022, 6249999999, 0, 531944444817, 3530555555140, 4329166667010]
第19组用户更偏爱新闻时事类型的节目
[5202083333809, 6587500000202, 135416666695, 0, 6185416666691, 847222221789, 5761111111801]
第20组用户更偏爱电视剧场类型的节目
[2848611111602, 2743055555598, 419444444502, 0, 2481249999911, 5047222222236, 5143750000413]
第21组用户更偏爱新闻时事类型的节目
[63194444206, 93749999803, 38888888899, 0, 1388888806, 43750000193, 64583333012]
